      1.000    37.6362    13.5634     1.0200  41.363990
      2.000    37.6849    13.5960     1.0486  41.364020
      3.000    37.6552    13.5837     1.1037  41.364047
      4.000    37.7176    13.5925     1.1554  41.364067
      5.000    37.7193    13.6394     1.0988  41.364101
      6.000    37.7192    13.6300     1.2276  41.364119
      7.000    37.7237    13.6225     1.2413  41.364148
      8.000    37.7245    13.6266     1.2977  41.364177
      9.000    37.7236    13.6251     1.2945  41.364198
     10.000    37.7267    13.6251     1.3976  41.364235
     11.000    37.7303    13.6323     1.3488  41.364265
     12.000    37.7538    13.6567     1.3994  41.364300
     13.000    37.7705    13.6957     1.1247  41.364339
     14.000    37.7710    13.7090     1.2264  41.364367
     15.000    37.7737    13.7096     1.1540  41.364400
     16.000    37.7823    13.7123     1.2776  41.364424
     17.000    37.7804    13.7180     1.1692  41.364445
     18.000    37.8138    13.7379     1.0848  41.364480
     19.000    37.9835    13.8646     1.0067  41.364501
     20.000    37.9484    14.0587     0.8073  41.364527
     21.000    37.9321    14.0493     0.6123  41.364555
     22.000    37.9257    14.0088     0.6633  41.364571
     23.000    37.9029    13.9588     0.7424  41.364605
     24.000    37.8984    13.8701     0.7619  41.364621
     25.000    37.9261    13.8723     0.7923  41.364644
     26.000    37.9744    13.8858     0.7644  41.364676
     27.000    38.0438    13.9240     0.8105  41.364687
     28.000    38.0684    13.9915     0.6855  41.364717
     29.000    38.0890    14.0130     0.5527  41.364740
     30.000    38.0842    14.0141     0.4469  41.364775
     31.000    38.0519    13.9889     0.4691  41.364791
     32.000    38.0612    13.9092     0.5933  41.364814
     33.000    38.0647    13.7798     0.9625  41.364853
     34.000    38.0860    13.7444     1.1522  41.364869
     35.000    38.1167    13.7689     1.2034  41.364892
     36.000    38.1227    13.7813     1.2026  41.364924
     37.000    38.1227    13.7830     1.1576  41.364957
     38.000    38.1292    13.7850     1.1534  41.364967
     39.000    38.1314    13.7858     1.1849  41.365000
     40.000    38.1331    13.7816     1.0943  41.365029
     41.000    38.1140    13.7636     1.0908  41.365049
     42.000    38.0944    13.6992     1.0481  41.365066
     43.000    38.1308    13.6458     1.1449  41.365093
     44.000    38.1375    13.6349     1.2796  41.365118
     45.000    38.1484    13.6226     1.2002  41.365135
     46.000    38.1488    13.6202     1.2289  41.365155
     47.000    38.1469    13.6091     1.1152  41.365193
     48.000    38.1486    13.6055     1.0869  41.365209
     49.000    38.1566    13.6148     1.0855  41.365233
     50.000    38.1617    13.6282     1.1172  41.365269
     51.000    38.1642    13.6362     0.9943  41.365293
     52.000    38.1821    13.6457     0.9434  41.365319
     53.000    38.2194    13.7200     0.8673  41.365348
     54.000    38.2414    13.7449     0.7340  41.365363
     55.000    38.2346    13.7979     0.4525  41.365403
     56.000    38.2658    13.8023     0.4394  41.365414
     57.000    38.2893    13.8475     0.3653  41.365445
     58.000    38.2967    13.8653     0.1262  41.365483
