      0.142    37.3578    13.5622     0.4597  34.369462
      0.217    37.0258    13.5625     0.4830  34.369465
      0.413    37.3169    13.5626     0.4609  34.369468
      0.604    37.3580    13.5622     0.4907  34.369470
      0.799    37.3657    13.5619     0.4476  34.369473
      0.984    37.3595    13.5621     0.4874  34.369476
      1.152    37.3649    13.5617     0.4509  34.369479
      1.333    37.3614    13.5618     0.4299  34.369482
      1.466    37.3628    13.5615     0.4243  34.369485
      1.538    37.3512    13.5611     0.4177  34.369488
      1.574    37.3509    13.5582     0.4741  34.369491
      1.572    37.3549    13.5556     0.4797  34.369494
      1.572    37.3611    13.5541     0.4531  34.369497
      1.599    37.3674    13.5546     0.4255  34.369499
      1.669    37.3657    13.5567     0.4553  34.369502
      1.791    37.3605    13.5583     0.4741  34.369505
      1.937    37.3596    13.5590     0.4465  34.369508
      2.090    37.3494    13.5595     0.4885  34.369511
      2.235    37.3493    13.5570     0.4963  34.369514
      2.384    37.3766    13.5542     0.5748  34.369517
      2.552    37.3892    13.5568     0.4907  34.369520
      2.740    37.3874    13.5637     0.4686  34.369523
      2.943    37.3809    13.5693     0.4741  34.369525
      3.148    37.3537    13.5722     0.5593  34.369528
      3.313    37.3508    13.5690     0.4819  34.369531
      3.435    37.3739    13.5626     0.5837  34.369534
      3.489    37.3831    13.5595     0.5438  34.369537
      3.498    37.4029    13.5595     0.5527  34.369540
      3.494    37.3710    13.5647     0.5637  34.369543
      3.500    37.3696    13.5649     0.5471  34.369546
      3.527    37.3741    13.5641     0.6113  34.369549
      3.590    37.3972    13.5643     0.6356  34.369552
      3.692    37.4922    13.5685     0.5759  34.369554
      3.827    37.7124    13.5923     0.5803  34.369557
      3.985    37.7399    13.6548     0.6500  34.369560
      4.166    37.7969    13.7201     0.6401  34.369563
      4.362    37.9185    13.7816     0.8359  34.369566
      4.558    37.9394    13.8541     0.6500  34.369569
      4.745    37.9440    13.9230     0.6224  34.369572
      4.912    37.9304    13.9772     0.6401  34.369575
      5.061    37.9032    14.0189     0.6489  34.369578
      5.185    37.8915    14.0460     0.7219  34.369580
      5.282    37.8751    14.0629     0.6368  34.369583
      5.348    37.8699    14.0718     0.6810  34.369586
      5.392    37.8679    14.0768     0.7341  34.369589
      5.408    37.8655    14.0797     0.7297  34.369592
      5.413    37.8629    14.0813     0.8359  34.369595
      5.431    37.8633    14.0816     0.8691  34.369598
      5.483    37.8680    14.0820     0.8215  34.369601
      5.577    37.8706    14.0830     0.8193  34.369604
      5.728    37.8796    14.0846     0.8359  34.369606
      5.920    37.9002    14.0876     0.7772  34.369609
      6.146    37.9133    14.0946     0.8016  34.369612
      6.380    37.9267    14.1046     0.7861  34.369615
      6.588    37.9269    14.1155     0.7695  34.369618
      6.770    37.9369    14.1256     0.7374  34.369621
      6.914    37.9384    14.1351     0.7441  34.369624
      7.016    37.9385    14.1437     0.7230  34.369627
      7.090    37.9368    14.1509     0.7286  34.369630
      7.151    37.9351    14.1563     0.7131  34.369633
      7.205    37.9337    14.1603     0.6899  34.369635
      7.259    37.9307    14.1630     0.6899  34.369638
      7.320    37.9330    14.1644     0.7230  34.369641
      7.386    37.9490    14.1658     0.7407  34.369644
      7.471    37.9586    14.1702     0.6843  34.369647
      7.577    37.9642    14.1766     0.6511  34.369650
      7.697    37.9643    14.1834     0.7253  34.369653
      7.839    37.9643    14.1891     0.6345  34.369656
      7.995    37.9618    14.1939     0.6567  34.369659
      8.175    37.9702    14.1975     0.6943  34.369661
      8.349    37.9912    14.2018     0.6224  34.369664
      8.523    38.0110    14.2106     0.6368  34.369667
      8.678    38.0095    14.2233     0.6401  34.369670
      8.813    38.0195    14.2343     0.7452  34.369673
      8.919    38.0179    14.2462     0.6434  34.369676
      9.007    38.0046    14.2562     0.6589  34.369679
      9.093    37.9995    14.2616     1.1600  34.369682
      9.172    37.9972    14.2639     0.6545  34.369685
      9.251    37.9986    14.2648     0.5792  34.369687
      9.330    37.9959    14.2660     0.5870  34.369690
      9.413    37.9938    14.2663     0.6312  34.369693
      9.498    37.9942    14.2659     0.5328  34.369696
      9.605    37.9980    14.2658     0.5173  34.369699
      9.742    38.0002    14.2660     0.4885  34.369702
      9.916    38.0047    14.2676     0.4553  34.369705
     10.130    38.0016    14.2697     0.4266  34.369708
     10.376    38.0012    14.2714     0.4299  34.369711
     10.621    38.0083    14.2726     0.4177  34.369714
     10.806    38.0138    14.2750     0.4741  34.369716
     10.907    38.0156    14.2792     0.3923  34.369719
     10.912    38.0103    14.2834     0.3912  34.369722
     10.838    38.0016    14.2859     0.3978  34.369725
     10.732    37.9978    14.2854     0.3812  34.369728
     10.660    38.0002    14.2833     0.4398  34.369731
     10.687    38.0014    14.2818     0.3768  34.369734
     10.829    38.0057    14.2812     0.3834  34.369737
     11.077    38.0207    14.2818     0.3547  34.369740
     11.393    38.0163    14.2861     0.3823  34.369742
     11.720    38.0185    14.2898     0.3779  34.369745
     12.019    38.0300    14.2931     0.3613  34.369748
     12.247    38.0319    14.2985     0.3812  34.369751
     12.392    38.0296    14.3041     0.4100  34.369754
     12.448    38.0224    14.3087     0.3547  34.369757
     12.427    38.0212    14.3105     0.3403  34.369760
     12.355    38.0148    14.3112     0.3746  34.369763
     12.272    38.0161    14.3105     0.3845  34.369766
     12.216    38.0161    14.3094     0.4122  34.369769
     12.232    38.0170    14.3087     0.3613  34.369771
     12.331    38.0220    14.3084     0.4188  34.369774
     12.520    38.0244    14.3092     0.3657  34.369777
     12.757    38.0262    14.3108     0.3469  34.369780
     13.002    38.0268    14.3127     0.3547  34.369783
     13.232    38.0262    14.3146     0.2982  34.369786
     13.411    38.0252    14.3162     0.3104  34.369789
     13.541    38.0245    14.3171     0.2905  34.369792
     13.613    38.0238    14.3177     0.3038  34.369795
     13.652    38.0234    14.3179     0.3004  34.369797
     13.674    38.0236    14.3179     0.3104  34.369800
     13.712    38.0236    14.3179     0.3126  34.369803
     13.767    38.0242    14.3179     0.2861  34.369806
     13.850    38.0245    14.3181     0.2695  34.369809
     13.979    38.0248    14.3182     0.2739  34.369812
     14.125    38.0262    14.3186     0.2750  34.369815
     14.285    38.0320    14.3193     0.2916  34.369818
     14.439    38.0395    14.3207     0.2816  34.369821
     14.583    38.0531    14.3239     0.2717  34.369823
     14.705    38.0502    14.3305     0.2617  34.369826
     14.811    38.0606    14.3361     0.2816  34.369829
     14.914    38.0778    14.3429     0.2484  34.369832
     15.005    38.0735    14.3529     0.2562  34.369835
     15.081    38.0652    14.3613     0.2407  34.369838
     15.147    38.0607    14.3661     0.3071  34.369841
     15.194    38.0592    14.3684     0.4465  34.369844
     15.230    38.0585    14.3695     0.2606  34.369847
     15.262    38.0577    14.3702     0.3038  34.369850
     15.320    38.0583    14.3705     0.2285  34.369852
     15.429    38.0604    14.3712     0.2064  34.369855
     15.625    38.0629    14.3721     0.1788  34.369858
     15.884    38.0634    14.3737     0.1633  34.369861
     16.193    38.0635    14.3753     0.1909  34.369864
     16.470    38.0601    14.3764     0.1146  34.369867
     16.677    38.0582    14.3766     0.1422  34.369870
     16.804    38.0546    14.3759     0.0925  34.369873
     16.835    38.0533    14.3740     0.0925  34.369876
     16.774    38.0599    14.3718     0.0991  34.369878
     16.671    38.0626    14.3713     0.1135  34.369881
     16.567    38.0614    14.3724     0.0980  34.369884
     16.524    38.0615    14.3728     0.0858  34.369887
     16.560    38.0620    14.3732     0.0626  34.369890
     16.688    38.0609    14.3739     0.0847  34.369893
     16.885    38.0576    14.3743     0.0659  34.369896
     17.131    38.0520    14.3734     0.0593  34.369899
     17.374    38.0503    14.3707     0.0681  34.369902
     17.602    38.0506    14.3674     0.0759  34.369905
     17.798    38.0515    14.3641     0.0637  34.369907
     17.960    38.0538    14.3615     0.0737  34.369910
     18.091    38.0541    14.3597     0.0681  34.369913
     18.195    38.0544    14.3583     0.0659  34.369916
     18.280    38.0554    14.3573     0.0582  34.369919
     18.345    38.0568    14.3565     0.0681  34.369922
     18.391    38.0572    14.3560     0.0637  34.369925
     18.429    38.0563    14.3558     0.0548  34.369928
     18.461    38.0578    14.3557     0.0703  34.369931
     18.499    38.0579    14.3556     0.0781  34.369933
     18.550    38.0581    14.3556     0.0869  34.369936
     18.629    38.0578    14.3556     0.0526  34.369939
     18.749    38.0579    14.3557     0.0659  34.369942
     18.913    38.0602    14.3556     0.0648  34.369945
     19.128    38.0604    14.3560     0.0714  34.369948
     19.369    38.0621    14.3564     0.0471  34.369951
     19.624    38.0633    14.3571     0.0571  34.369954
     19.854    38.0629    14.3580     0.0493  34.369957
     20.038    38.0618    14.3587     0.0681  34.369959
     20.154    38.0611    14.3591     0.0737  34.369962
     20.210    38.0607    14.3594     0.0582  34.369965
     20.203    38.0607    14.3595     0.0781  34.369968
     20.167    38.0609    14.3596     0.0714  34.369971
     20.127    38.0612    14.3594     0.0571  34.369974
     20.117    38.0606    14.3594     0.1257  34.369977
     20.171    38.0612    14.3594     0.0648  34.369980
     20.295    38.0611    14.3594     0.0438  34.369983
     20.490    38.0614    14.3593     0.0571  34.369986
     20.726    38.0599    14.3595     0.0714  34.369988
     20.967    38.0602    14.3594     0.0593  34.369991
     21.188    38.0606    14.3589     0.0548  34.369994
     21.373    38.0616    14.3587     0.0593  34.369997
     21.517    38.0618    14.3587     0.0925  34.370000
     21.617    38.0612    14.3587     0.0637  34.370003
     21.691    38.0615    14.3584     0.0759  34.370006
     21.751    38.0623    14.3580     0.0504  34.370009
     21.806    38.0635    14.3580     0.0571  34.370012
     21.871    38.0640    14.3583     0.0648  34.370014
     21.945    38.0644    14.3587     0.0571  34.370017
     22.045    38.0651    14.3591     0.0714  34.370020
     22.171    38.0652    14.3596     0.0792  34.370023
     22.320    38.0664    14.3600     0.0571  34.370026
     22.482    38.0683    14.3606     0.0792  34.370029
     22.631    38.0695    14.3614     0.0637  34.370032
     22.755    38.0690    14.3622     0.0925  34.370035
     22.851    38.0686    14.3628     0.0770  34.370038
     22.929    38.0688    14.3628     0.0792  34.370041
     23.003    38.0694    14.3628     0.0593  34.370043
     23.097    38.0704    14.3626     0.0571  34.370046
     23.215    38.0706    14.3629     0.0714  34.370049
     23.352    38.0717    14.3629     0.0681  34.370052
     23.487    38.0715    14.3634     0.0737  34.370055
     23.603    38.0716    14.3637     0.0648  34.370058
     23.691    38.0720    14.3640     0.1135  34.370061
     23.770    38.0722    14.3642     0.0493  34.370064
     23.859    38.0729    14.3643     0.0438  34.370067
     23.976    38.0740    14.3646     0.1223  34.370069
     24.130    38.0734    14.3649     0.0250  34.370072
     24.322    38.0734    14.3651     0.0427  34.370075
     24.529    38.0727    14.3651     0.0239  34.370078
     24.721    38.0727    14.3647     0.0283  34.370081
     24.876    38.0718    14.3644     0.0206  34.370084
     24.975    38.0723    14.3639     0.0316  34.370087
     25.005    38.0731    14.3633     0.0383  34.370090
     24.989    38.0739    14.3629     0.0383  34.370093
     24.959    38.0740    14.3630     0.0084  34.370095
     24.961    38.0737    14.3633     0.0183  34.370098
     25.015    38.0731    14.3633     0.0183  34.370101
     25.137    38.0739    14.3631     0.0117  34.370104
     25.313    38.0747    14.3631     0.0250  34.370107
     25.509    38.0761    14.3633     0.0360  34.370110
     25.707    38.0763    14.3636     0.0139  34.370113
     25.876    38.0766    14.3641     0.0217  34.370116
     26.018    38.0773    14.3641     0.0183  34.370119
     26.126    38.0777    14.3643     0.0139  34.370122
     26.219    38.0777    14.3645     0.0316  34.370124
     26.298    38.0782    14.3648     0.0294  34.370127
     26.363    38.0784    14.3649     0.0250  34.370130
     26.415    38.0794    14.3651     0.0571  34.370133
     26.456    38.0792    14.3655     0.0737  34.370136
     26.503    38.0791    14.3656     0.0183  34.370139
     26.575    38.0800    14.3656     0.0206  34.370142
     26.688    38.0800    14.3661     0.0261  34.370145
     26.850    38.0803    14.3663     0.0327  34.370148
     27.039    38.0817    14.3665     0.0438  34.370150
     27.249    38.0823    14.3669     0.0969  34.370153
     27.432    38.0824    14.3677     0.0493  34.370156
     27.574    38.0830    14.3681     0.0383  34.370159
     27.646    38.0827    14.3687     0.0316  34.370162
     27.650    38.0824    14.3690     0.0438  34.370165
     27.596    38.0818    14.3693     0.0040  34.370168
     27.524    38.0807    14.3693     0.0504  34.370171
     27.475    38.0816    14.3690     0.0349  34.370174
     27.500    38.0815    14.3691     0.0316  34.370177
     27.617    38.0823    14.3691     0.0183  34.370179
     27.831    38.0827    14.3692     0.0283  34.370182
     28.101    38.0826    14.3695     0.0482  34.370185
     28.378    38.0818    14.3693     0.0073  34.370188
     28.601    38.0800    14.3687     0.0150  34.370191
     28.737    38.0797    14.3675     0.0106  34.370194
     28.778    38.0812    14.3662     0.0283  34.370197
     28.726    38.0826    14.3654     0.0217  34.370200
     28.624    38.0840    14.3653     0.0206  34.370203
     28.529    38.0832    14.3657     0.0084  34.370205
     28.489    38.0834    14.3659     0.0217  34.370208
     28.520    38.0825    14.3662     0.0316  34.370211
     28.628    38.0811    14.3664     0.0172  34.370214
     28.820    38.0818    14.3659     0.0250  34.370217
     29.072    38.0829    14.3652     0.0139  34.370220
     29.341    38.0833    14.3650     0.0217  34.370223
     29.582    38.0834    14.3648     0.0405  34.370226
     29.769    38.0847    14.3648     0.0206  34.370229
     29.857    38.0843    14.3649     0.0725  34.370231
     29.841    38.0840    14.3653     0.0250  34.370234
     29.726    38.0835    14.3653     0.0183  34.370237
     29.560    38.0835    14.3653     0.0139  34.370240
     29.409    38.0836    14.3653     0.0206  34.370243
     29.327    38.0837    14.3653     0.0217  34.370246
     29.370    38.0836    14.3653     0.0006  34.370249
     29.512    38.0832    14.3653     0.0139  34.370252
     29.762    38.0841    14.3652     0.0139  34.370255
     30.062    38.0848    14.3652     0.0283  34.370258
     30.384    38.0869    14.3655     0.0294  34.370260
     30.650    38.0871    14.3661     0.0150  34.370263
     30.826    38.0875    14.3668     0.0261  34.370266
     30.896    38.0869    14.3673     0.0239  34.370269
     30.860    38.0862    14.3678     0.0493  34.370272
     30.754    38.0858    14.3676     0.0139  34.370275
     30.610    38.0860    14.3677     0.0206  34.370278
     30.499    38.0852    14.3677     0.0250  34.370281
     30.456    38.0847    14.3677     0.0250  34.370284
     30.503    38.0854    14.3675     0.0493  34.370286
     30.637    38.0859    14.3676     0.0239  34.370289
     30.837    38.0870    14.3675     0.0150  34.370292
     31.051    38.0880    14.3679     0.0006  34.370295
     31.232    38.0880    14.3684     0.0117  34.370298
     31.363    38.0879    14.3690     0.0073  34.370301
     31.421    38.0873    14.3693     0.0316  34.370304
     31.425    38.0872    14.3694     0.0283  34.370307
     31.412    38.0874    14.3695     0.0106  34.370310
     31.416    38.0870    14.3696     0.0316  34.370312
     31.463    38.0870    14.3696     0.0073  34.370315
     31.560    38.0872    14.3696     0.0504  34.370318
     31.687    38.0872    14.3696     0.0206  34.370321
     31.824    38.0873    14.3694     0.0183  34.370324
     31.968    38.0874    14.3696     0.0250  34.370327
     32.094    38.0874    14.3695     0.0084  34.370330
     32.199    38.0874    14.3694     0.0084  34.370333
     32.289    38.0875    14.3693     0.0471  34.370336
     32.363    38.0875    14.3695     0.0106  34.370339
     32.432    38.0874    14.3693     0.0040  34.370341
     32.493    38.0875    14.3692     0.0250  34.370344
     32.554    38.0875    14.3692     0.0150  34.370347
     32.606    38.0877    14.3692     0.0239  34.370350
     32.644    38.0877    14.3690     0.0349  34.370353
     32.666    38.0881    14.3688     0.0571  34.370356
     32.674    38.0875    14.3691     0.0250  34.370359
     32.687    38.0876    14.3690     0.0183  34.370362
     32.721    38.0879    14.3690     0.0139  34.370365
     32.788    38.0876    14.3690     0.0106  34.370367
     32.897    38.0873    14.3689    -0.0071  34.370370
     33.041    38.0883    14.3687     0.0405  34.370373
     33.208    38.0889    14.3689     0.0150  34.370376
     33.381    38.0879    14.3690     0.0383  34.370379
     33.546    38.0862    14.3687     0.0294  34.370382
     33.688    38.0869    14.3675     0.0383  34.370385
     33.805    38.0875    14.3668     0.0283  34.370388
     33.889    38.0870    14.3662     0.0349  34.370391
     33.950    38.0854    14.3657     0.0073  34.370394
     33.990    38.0865    14.3646     0.0261  34.370396
     34.031    38.0869    14.3638     0.0449  34.370399
     34.067    38.0875    14.3632     0.0239  34.370402
     34.082    38.0881    14.3630     0.0261  34.370405
     34.082    38.0876    14.3628     0.0150  34.370408
     34.063    38.0882    14.3628     0.0294  34.370411
     34.056    38.0892    14.3628     0.0106  34.370414
     34.089    38.0879    14.3631     0.0106  34.370417
     34.209    38.0867    14.3631     0.0493  34.370420
     34.425    38.0854    14.3627     0.0084  34.370422
     34.711    38.0844    14.3617     0.0416  34.370425
     35.018    38.0842    14.3603     0.0482  34.370428
     35.279    38.0830    14.3591     0.0206  34.370431
     35.453    38.0825    14.3569     0.0206  34.370434
     35.509    38.0840    14.3546     0.0217  34.370437
     35.442    38.0878    14.3525     0.0449  34.370440
     35.304    38.0898    14.3520     0.0283  34.370443
     35.130    38.0901    14.3526     0.0250  34.370446
     35.000    38.0908    14.3537     0.0349  34.370448
     34.968    38.0905    14.3548     0.0438  34.370451
     35.042    38.0891    14.3563     0.0360  34.370454
     35.216    38.0859    14.3571     0.0471  34.370457
     35.464    38.0835    14.3565     0.0504  34.370460
     35.743    38.0831    14.3545     0.0482  34.370463
     36.000    38.0806    14.3522     0.0526  34.370466
     36.207    38.0812    14.3489     0.1068  34.370469
     36.347    38.0824    14.3453     0.0471  34.370472
     36.421    38.0861    14.3424     0.0383  34.370475
     36.453    38.0884    14.3406     0.0316  34.370477
     36.464    38.0897    14.3399     0.0383  34.370480
     36.476    38.0910    14.3400     0.0648  34.370483
     36.500    38.0894    14.3408     0.0504  34.370486
     36.557    38.0882    14.3411     0.0471  34.370489
     36.640    38.0888    14.3405     0.0593  34.370492
     36.732    38.0888    14.3396     0.0526  34.370495
     36.829    38.0890    14.3390     0.0493  34.370498
     36.926    38.0884    14.3384     0.0582  34.370501
     37.015    38.0879    14.3374     0.0504  34.370503
     37.100    38.0889    14.3361     0.0526  34.370506
     37.183    38.0922    14.3350     0.0560  34.370509
     37.269    38.0933    14.3348     0.0648  34.370512
     37.355    38.0952    14.3354     0.1113  34.370515
     37.425    38.0956    14.3364     0.0703  34.370518
     37.486    38.0954    14.3372     0.0493  34.370521
     37.537    38.0952    14.3380     0.0582  34.370524
     37.582    38.0956    14.3383     0.0515  34.370527
     37.646    38.0956    14.3387     0.0383  34.370530
     37.741    38.0949    14.3390     0.0792  34.370532
     37.900    38.0931    14.3390     0.0770  34.370535
     38.117    38.0897    14.3383     0.0493  34.370538
     38.367    38.0798    14.3361     0.0637  34.370541
     38.631    38.0841    14.3295     0.0548  34.370544
     38.863    38.0932    14.3238     0.0471  34.370547
     39.026    38.1069    14.3197     0.0493  34.370550
     39.102    38.1123    14.3186     0.0383  34.370553
     39.084    38.1109    14.3193     0.0493  34.370556
     39.007    38.1007    14.3201     0.0493  34.370558
     38.890    38.1005    14.3195     0.0582  34.370561
     38.784    38.1011    14.3186     0.0571  34.370564
     38.723    38.1012    14.3186     0.0725  34.370567
     38.728    38.0997    14.3195     0.0571  34.370570
     38.804    38.0978    14.3200     0.0438  34.370573
     38.940    38.1022    14.3192     0.0593  34.370576
     39.124    38.1109    14.3179     0.0681  34.370579
     39.334    38.1182    14.3182     0.0825  34.370582
     39.548    38.1196    14.3202     0.0427  34.370584
     39.765    38.1187    14.3222     0.0615  34.370587
     39.974    38.1192    14.3231     0.0692  34.370590
     40.163    38.1207    14.3232     0.0858  34.370593
     40.324    38.1226    14.3232     0.0548  34.370596
     40.463    38.1229    14.3234     0.0560  34.370599
     40.551    38.1237    14.3229     0.0560  34.370602
     40.611    38.1247    14.3222     0.0526  34.370605
     40.627    38.1253    14.3215     0.0438  34.370608
     40.616    38.1257    14.3211     0.0504  34.370611
     40.569    38.1251    14.3212     0.0371  34.370613
     40.512    38.1243    14.3216     0.0283  34.370616
     40.465    38.1241    14.3222     0.0283  34.370619
     40.454    38.1240    14.3226     0.0183  34.370622
     40.506    38.1238    14.3226     0.0139  34.370625
     40.634    38.1244    14.3225     0.0283  34.370628
     40.832    38.1259    14.3217     0.0106  34.370631
     41.083    38.1289    14.3209     0.0283  34.370634
     41.338    38.1321    14.3198     0.0029  34.370637
     41.579    38.1339    14.3190     0.0084  34.370639
     41.765    38.1347    14.3184     0.0183  34.370642
     41.885    38.1354    14.3179     0.0139  34.370645
     41.949    38.1359    14.3177     0.0217  34.370648
     41.984    38.1358    14.3175     0.0006  34.370651
     42.007    38.1361    14.3175     0.0183  34.370654
     42.061    38.1359    14.3174     0.0493  34.370657
     42.169    38.1362    14.3176     0.0427  34.370660
     42.314    38.1369    14.3174     0.0283  34.370663
     42.460    38.1379    14.3167     0.0029  34.370666
     42.564    38.1388    14.3157     0.0084  34.370668
     42.607    38.1401    14.3143     0.0040  34.370671
     42.584    38.1412    14.3133     0.0073  34.370674
     42.521    38.1419    14.3129     0.0349  34.370677
     42.462    38.1411    14.3137     0.0239  34.370680
     42.465    38.1406    14.3145     0.0062  34.370683
     42.552    38.1398    14.3150     0.0040  34.370686
     42.732    38.1398    14.3146     0.0106  34.370689
     42.965    38.1406    14.3137    -0.0071  34.370692
     43.231    38.1407    14.3121    -0.0060  34.370694
     43.492    38.1410    14.3093     0.0150  34.370697
     43.734    38.1439    14.3053     0.0106  34.370700
     43.941    38.1484    14.3013     0.0062  34.370703
     44.097    38.1538    14.2973     0.0217  34.370706
     44.216    38.1562    14.2954     0.0040  34.370709
     44.275    38.1587    14.2940     0.0183  34.370712
     44.268    38.1598    14.2926     0.0073  34.370715
     44.184    38.1599    14.2916    -0.0104  34.370718
     44.054    38.1586    14.2924     0.0106  34.370720
     43.909    38.1582    14.2934     0.0040  34.370723
     43.806    38.1570    14.2945    -0.0038  34.370726
     43.796    38.1556    14.2959    -0.0060  34.370729
     43.900    38.1528    14.2972     0.0062  34.370732
     44.121    38.1541    14.2969     0.0183  34.370735
     44.441    38.1555    14.2966     0.0106  34.370738
     44.811    38.1572    14.2949    -0.0171  34.370741
     45.160    38.1579    14.2912     0.0250  34.370744
     45.456    38.1599    14.2849    -0.0071  34.370747
     45.654    38.1665    14.2759    -0.0215  34.370749
     45.740    38.1751    14.2669     0.0084  34.370752
     45.731    38.1803    14.2613     0.0006  34.370755
     45.641    38.1865    14.2586     0.0006  34.370758
     45.501    38.1856    14.2599    -0.0137  34.370761
     45.345    38.1847    14.2620     0.0006  34.370764
     45.224    38.1835    14.2648    -0.0071  34.370767
     45.183    38.1799    14.2687    -0.0060  34.370770
     45.250    38.1768    14.2718    -0.0204  34.370773
     45.417    38.1725    14.2737     0.0006  34.370775
     45.676    38.1709    14.2721     0.0062  34.370778
     45.961    38.1736    14.2675    -0.0215  34.370781
     46.252    38.1776    14.2612    -0.0182  34.370784
     46.517    38.1818    14.2560    -0.0215  34.370787
     46.707    38.1839    14.2518    -0.0248  34.370790
     46.815    38.1865    14.2477    -0.0071  34.370793
     46.840    38.1915    14.2431    -0.0104  34.370796
     46.795    38.1959    14.2405    -0.0215  34.370799
     46.716    38.1971    14.2411     0.0040  34.370802
     46.630    38.1953    14.2433     0.0106  34.370804
     46.575    38.1941    14.2450    -0.0027  34.370807
     46.562    38.1925    14.2466    -0.0093  34.370810
     46.598    38.1895    14.2480    -0.0027  34.370813
     46.673    38.1888    14.2477    -0.0292  34.370816
     46.790    38.1886    14.2462    -0.0104  34.370819
     46.929    38.1894    14.2436    -0.0215  34.370822
     47.098    38.1911    14.2406    -0.0171  34.370825
     47.284    38.1924    14.2371    -0.0204  34.370828
     47.484    38.1948    14.2330    -0.0060  34.370830
     47.674    38.1971    14.2285     0.0316  34.370833
     47.809    38.2005    14.2238    -0.0005  34.370836
     47.879    38.2045    14.2192    -0.0314  34.370839
     47.861    38.2082    14.2160     0.0571  34.370842
     47.773    38.2119    14.2147    -0.0248  34.370845
     47.642    38.2113    14.2159     0.0073  34.370848
     47.515    38.2098    14.2178    -0.0204  34.370851
     47.425    38.2092    14.2193     0.0637  34.370854
     47.411    38.2077    14.2215    -0.0204  34.370856
     47.463    38.2040    14.2230     0.0006  34.370859
     47.592    38.2026    14.2227    -0.0281  34.370862
     47.781    38.2031    14.2209    -0.0137  34.370865
     48.006    38.2050    14.2181    -0.0038  34.370868
     48.252    38.2071    14.2153    -0.0182  34.370871
     48.496    38.2086    14.2128    -0.0071  34.370874
     48.701    38.2110    14.2103    -0.0071  34.370877
     48.823    38.2124    14.2082    -0.0137  34.370880
     48.847    38.2142    14.2066    -0.0093  34.370883
     48.739    38.2162    14.2056    -0.0137  34.370885
     48.533    38.2167    14.2057    -0.0038  34.370888
     48.285    38.2166    14.2066    -0.0038  34.370891
     48.051    38.2157    14.2079    -0.0137  34.370894
     47.925    38.2140    14.2093    -0.0215  34.370897
     47.941    38.2134    14.2099    -0.0248  34.370900
     48.101    38.2123    14.2104    -0.0281  34.370903
     48.387    38.2113    14.2107    -0.0060  34.370906
     48.727    38.2112    14.2100    -0.0148  34.370909
     49.020    38.2121    14.2084    -0.0171  34.370911
     49.244    38.2135    14.2067    -0.0237  34.370914
     49.365    38.2145    14.2050     0.0183  34.370917
     49.359    38.2160    14.2035    -0.0093  34.370920
     49.237    38.2186    14.2023    -0.0038  34.370923
     49.045    38.2184    14.2026    -0.0171  34.370926
     48.844    38.2177    14.2037    -0.0093  34.370929
     48.686    38.2171    14.2044     0.0006  34.370932
     48.610    38.2162    14.2054    -0.0137  34.370935
     48.632    38.2155    14.2060    -0.0137  34.370937
     48.739    38.2145    14.2064     0.0239  34.370940
     48.907    38.2142    14.2063     0.0006  34.370943
     49.095    38.2146    14.2057    -0.0038  34.370946
     49.268    38.2151    14.2047    -0.0104  34.370949
     49.401    38.2152    14.2037    -0.0115  34.370952
     49.494    38.2155    14.2025    -0.0215  34.370955
     49.550    38.2176    14.2003     0.0106  34.370958
     49.582    38.2196    14.1980    -0.0137  34.370961
     49.608    38.2207    14.1969    -0.0348  34.370964
     49.619    38.2208    14.1965    -0.0281  34.370966
     49.629    38.2211    14.1962    -0.0005  34.370969
     49.637    38.2218    14.1955    -0.0071  34.370972
     49.651    38.2224    14.1951    -0.0215  34.370975
     49.676    38.2222    14.1944    -0.0093  34.370978
     49.703    38.2234    14.1932    -0.0281  34.370981
     49.739    38.2243    14.1920    -0.0137  34.370984
     49.788    38.2244    14.1914    -0.0104  34.370987
     49.840    38.2243    14.1902    -0.0148  34.370990
     49.888    38.2255    14.1882     0.0659  34.370992
     49.948    38.2276    14.1854    -0.0237  34.370995
     50.022    38.2290    14.1835    -0.0115  34.370998
     50.135    38.2293    14.1816    -0.0093  34.371001
     50.293    38.2296    14.1790    -0.0093  34.371004
     50.484    38.2320    14.1753    -0.0171  34.371007
     50.681    38.2355    14.1711    -0.0071  34.371010
     50.839    38.2379    14.1678    -0.0060  34.371013
     50.937    38.2396    14.1649    -0.0115  34.371016
     50.953    38.2424    14.1618     0.0040  34.371019
     50.886    38.2464    14.1597     0.0250  34.371021
     50.773    38.2472    14.1602    -0.0038  34.371024
     50.656    38.2454    14.1621    -0.0314  34.371027
     50.592    38.2451    14.1633    -0.0237  34.371030
     50.601    38.2434    14.1647    -0.0171  34.371033
     50.696    38.2403    14.1657    -0.0104  34.371036
     50.874    38.2402    14.1654    -0.0215  34.371039
     51.109    38.2401    14.1639    -0.0248  34.371042
     51.361    38.2401    14.1613    -0.0148  34.371045
     51.598    38.2438    14.1569    -0.0281  34.371047
     51.790    38.2466    14.1519    -0.0392  34.371050
     51.934    38.2499    14.1468    -0.0248  34.371053
     52.020    38.2549    14.1414    -0.0204  34.371056
     52.053    38.2588    14.1379    -0.0148  34.371059
     52.053    38.2616    14.1355    -0.0359  34.371062
     52.044    38.2625    14.1350    -0.0392  34.371065
     52.037    38.2631    14.1355    -0.0392  34.371068
     52.053    38.2611    14.1364    -0.0027  34.371071
     52.087    38.2595    14.1365    -0.0204  34.371073
     52.139    38.2602    14.1349    -0.0071  34.371076
     52.218    38.2620    14.1334    -0.0248  34.371079
     52.335    38.2635    14.1316     0.0073  34.371082
     52.479    38.2619    14.1302    -0.0215  34.371085
     52.644    38.2621    14.1267    -0.0137  34.371088
     52.826    38.2659    14.1202    -0.0348  34.371091
     52.993    38.2711    14.1134    -0.0137  34.371094
     53.138    38.2745    14.1077    -0.0115  34.371097
     53.248    38.2773    14.1028    -0.0204  34.371100
     53.322    38.2810    14.0979    -0.0248  34.371102
     53.356    38.2851    14.0938    -0.0027  34.371105
     53.375    38.2886    14.0911    -0.0237  34.371108
     53.394    38.2894    14.0901    -0.0359  34.371111
     53.428    38.2890    14.0898    -0.0038  34.371114
     53.489    38.2889    14.0891    -0.0248  34.371117
     53.586    38.2887    14.0883     0.0084  34.371120
     53.717    38.2895    14.0872    -0.0348  34.371123
     53.876    38.2893    14.0858    -0.0182  34.371126
     54.039    38.2906    14.0842    -0.0348  34.371128
     54.205    38.2908    14.0831    -0.0137  34.371131
     54.338    38.2914    14.0816     0.0073  34.371134
     54.422    38.2920    14.0801     0.0006  34.371137
     54.471    38.2939    14.0781    -0.0425  34.371140
     54.480    38.2949    14.0771    -0.0292  34.371143
     54.476    38.2968    14.0766    -0.0137  34.371146
     54.480    38.2956    14.0770    -0.0204  34.371149
     54.510    38.2956    14.0772    -0.0005  34.371152
     54.580    38.2943    14.0773    -0.0248  34.371155
     54.694    38.2945    14.0768    -0.0104  34.371157
     54.853    38.2953    14.0762    -0.0314  34.371160
     55.044    38.2954    14.0760    -0.0182  34.371163
     55.250    38.2957    14.0756    -0.0281  34.371166
     55.436    38.2957    14.0755    -0.0171  34.371169
     55.572    38.2961    14.0750    -0.0137  34.371172
     55.650    38.2963    14.0751     0.0006  34.371175
     55.669    38.2967    14.0750    -0.0270  34.371178
     55.639    38.2965    14.0753    -0.0215  34.371181
     55.603    38.2972    14.0754    -0.0237  34.371183
     55.603    38.2967    14.0759    -0.0038  34.371186
     55.630    38.2955    14.0759    -0.0348  34.371189
     55.671    38.2953    14.0758    -0.0104  34.371192
     55.727    38.2958    14.0753    -0.0038  34.371195
     55.772    38.2960    14.0751    -0.0104  34.371198
     55.793    38.2963    14.0751    -0.0027  34.371201
     55.786    38.2967    14.0750    -0.0215  34.371204
     55.758    38.2971    14.0752    -0.0215  34.371207
     55.740    38.2971    14.0754    -0.0148  34.371209
     55.743    38.2965    14.0758    -0.0137  34.371212
     55.792    38.2955    14.0759    -0.0171  34.371215
     55.862    38.2953    14.0757    -0.0038  34.371218
     55.932    38.2957    14.0753    -0.0137  34.371221
     55.977    38.2963    14.0750    -0.0348  34.371224
